"","Aspergillus rambellii","Rhizophagus irregularis","Moniliophthora perniciosa","Erysiphe pulchra","Sphaerulina musiva","Phytophthora capsici","Trichophyton mentagrophytes","Aspergillus kawachii","Pneumocystis murina","Debaryomyces hansenii","Trichoderma atroviride","Pseudocercospora musae","Cordyceps sp. RAO-2017","Rhizophagus clarus","Pichia kudriavzevii","Paracoccidioides brasiliensis","Albugo candida","Lipomyces starkeyi","Naumovozyma dairenensis","Phytopythium vexans","Aspergillus ochraceoroseus","Colletotrichum fioriniae","Coniochaeta ligniaria","Leucoagaricus sp. SymC.cos","Colletotrichum salicis","[Candida] arabinofermentans","Baudoinia panamericana","Hyaloscypha variabilis","Schizosaccharomyces pombe","Tuber magnatum","Thielaviopsis punctulata","Edhazardia aedis","Choanephora cucurbitarum"
"Aspergillus rambellii",1,-0.110052779440415,0.451915260895326,0.43556897634559,0.438359044462262,0.0366925952653992,0.0259891055643309,-0.0762258484287833,-0.0535096901231627,-0.0322758316456715,-0.0346050133896211,-0.165655758017983,0.00849106840296268,-0.008205354758437,0.0283656070276836,0.00532334019512011,-0.0966943841816205,-0.126856922288261,-0.0529006891815772,0.0764691153873404,0.341505837861995,-0.0286310591121397,0.0496603784231056,-0.0231537695318073,-0.028266479268609,-0.0536545987489769,-0.0323112252569323,-0.0322292813526002,-0.0429712423702563,-0.0571754313572466,0.318568725961438,-0.0348532816193347,-0.0363216035357705
"Rhizophagus irregularis",-0.110052779440415,1,-0.109513928043696,0.165202822384023,-0.138351510496097,-0.0890273072611084,0.192275216104606,0.239019661086937,0.300658917474858,0.172353742473648,0.0734913072457198,0.18186962263165,-0.214052161334596,0.43398972879966,0.311550916627207,0.189536186601274,0.301546322510818,0.0877517266407776,0.305992452568874,-0.204992679229048,-0.00134566253538159,0.0483909532134289,-0.0568351507290154,0.211318902528752,-0.0855466790116847,0.401315270195277,0.149570002888555,0.14596690761466,0.247363320228507,0.337293303627919,0.116850661081486,0.423831249416919,0.265786977266978
"Moniliophthora perniciosa",0.451915260895326,-0.109513928043696,1,0.20873447029115,0.332482785928692,0.0577844323183563,-0.057417351827479,-0.0491617276173633,-0.00871561293353128,9.48959172923092e-06,0.198448394045294,0.109729495661221,0.104814848928425,0.0666213581407505,0.0864429352217707,0.0341434228040468,0.0955417865996642,0.121568017818889,-0.0904871042699989,0.123897776707278,0.267262745539579,0.135353381014898,0.126324226841124,0.109088242912004,0.114604901649839,0.0176873166060257,0.0620081983019466,0.0633938069321404,0.101458226448525,0.0891385592003711,0.182205290710276,0.0687745977992034,0.0679770232619068
"Erysiphe pulchra",0.43556897634559,0.165202822384023,0.20873447029115,1,0.400998779497481,-0.0215229704216488,0.0919830585145519,0.0363968790785607,0.165517004802823,0.0103203795067144,0.00785872819598058,0.0792827792448529,0.00713803219856842,0.200245190524386,0.16468038190476,0.0831095211058452,0.111654853300855,-0.0521952534730783,0.0916463062566864,-0.034883930434883,0.358621598374202,-0.000193831316741723,0.0426192298234776,0.0847911023538996,-0.0386561712640424,0.22831758200081,0.0823580480551627,0.0658384647123452,0.0368959802924269,0.194834270211444,0.347021214045749,0.20858448958341,0.0601049561635377
"Sphaerulina musiva",0.438359044462262,-0.138351510496097,0.332482785928692,0.400998779497481,1,0.201893045251566,-0.079526302678854,-0.0701204504862935,-0.0770078420572921,0.00603134065805828,0.0254993657041678,-0.0233121431184272,0.159608451763541,-0.0381868212016708,-0.0539812202268076,0.0729533500020999,0.0395172875670002,-0.0953337819516307,-0.119186511186978,0.131426417034843,0.368251866580192,0.085147218507781,0.158610121098087,0.0213734452378441,0.066803838283256,-0.0571570274111337,0.0366018029582519,0.0457107848244762,0.0124878534832732,0.11761784702387,0.329919816158402,-0.115980824613435,-0.0982415722970614
"Phytophthora capsici",0.0366925952653992,-0.0890273072611084,0.0577844323183563,-0.0215229704216488,0.201893045251566,1,-0.025963586257661,-0.14567375618226,-0.0493626104327158,0.0938814897504398,0.132735339462883,-0.00590669359231369,0.299502726173672,-0.0245241178286661,-0.0365134471678218,-0.0226082462625917,-0.0662602385798698,-0.0192661147528843,-0.0599229868360772,0.380357122819999,0.0776024803740181,0.159698474644357,0.303235982735356,0.0245100116792505,0.229367207755048,-0.0896806784544918,0.0435229210501259,0.0805436125271583,-0.0189365438074485,0.107594401641007,0.158114867015879,-0.100480731160196,-0.0163026692361232
"Trichophyton mentagrophytes",0.0259891055643309,0.192275216104606,-0.057417351827479,0.0919830585145519,-0.079526302678854,-0.025963586257661,1,0.117691387586653,0.169111508149347,0.0725063133033492,-0.00721638544668565,0.0416629611308259,-0.00589553691050321,0.122705354277546,0.13386472908018,0.0393292910666076,0.126541201016797,0.0026058546290772,0.0811208105136979,-0.0429865026591695,0.0273547090654772,-0.0947588922440864,-0.112522381489911,-0.0119342512375742,-0.021047977899511,0.056886958768687,0.00918739923320254,-0.000881698457332264,-0.043589091714657,0.0471360844963507,0.0750079747833344,0.102843895900464,0.0546993514697806
"Aspergillus kawachii",-0.0762258484287833,0.239019661086937,-0.0491617276173633,0.0363968790785607,-0.0701204504862935,-0.14567375618226,0.117691387586653,1,0.188205848473667,0.133033107453273,0.0639265685156516,0.115853741030974,-0.0203903748613029,0.178554292805832,0.240321915153435,0.113384523694644,0.236306792078884,0.15787929432064,0.167346059431131,0.00187438666302044,-0.018207384120387,-0.00619253547456132,-0.0590450713915428,0.184604035576991,0.0612038252030083,0.119044167315603,0.127360383584674,0.097198999617531,0.172572516027311,0.123056857818569,0.0758109993982445,0.224335159545359,0.140555403985693
"Pneumocystis murina",-0.0535096901231627,0.300658917474858,-0.00871561293353128,0.165517004802823,-0.0770078420572921,-0.0493626104327158,0.169111508149347,0.188205848473667,1,0.224857984737788,0.0680355616026766,0.245366530659876,0.00139926590316064,0.335979689709596,0.285185882180952,0.171819119410799,0.272713737818619,0.0850518096426432,0.212351216190525,0.00829088931898396,0.0692839558259519,0.105483284693834,0.0376538652292073,0.242479001874515,0.111002892722413,0.340397222755656,0.082553354105707,0.11773178246907,0.205166056629137,0.262022887933468,-0.0413789145766857,0.387505221679741,0.202393044129485
"Debaryomyces hansenii",-0.0322758316456715,0.172353742473648,9.48959172923092e-06,0.0103203795067144,0.00603134065805828,0.0938814897504398,0.0725063133033492,0.133033107453273,0.224857984737788,1,0.173654970638371,0.218332992969046,0.0880512899592749,0.350625719934586,0.208792875881594,0.190670192776561,0.332546894130463,0.116451713528471,0.259286991854019,0.103026891129701,0.0151376295321215,0.147852002127464,0.0774188439561722,0.22439414889746,0.157390323886808,0.236131362875244,0.1118227164789,0.223715771348295,0.199897025109267,0.199110421306134,-0.0906243798503915,0.25961489570907,0.231826935499952
"Trichoderma atroviride",-0.0346050133896211,0.0734913072457198,0.198448394045294,0.00785872819598058,0.0254993657041678,0.132735339462883,-0.00721638544668565,0.0639265685156516,0.0680355616026766,0.173654970638371,1,0.347443757339606,0.0552728305623833,0.256104772783595,0.27688595210257,0.13083395875939,0.232738705703084,0.214898786774972,0.189964372354897,0.269449061892975,-0.0508378571861374,0.310988081265527,0.126935916724988,0.316745185555175,0.189757524909376,0.0954856154144307,0.312354582430727,0.248080297331982,0.241733812472208,0.232393368968246,-0.0488296544602522,0.179553649373062,0.220472895835384
"Pseudocercospora musae",-0.165655758017983,0.18186962263165,0.109729495661221,0.0792827792448529,-0.0233121431184272,-0.00590669359231369,0.0416629611308259,0.115853741030974,0.245366530659876,0.218332992969046,0.347443757339606,1,0.0485816427059826,0.454083040978043,0.315193124406299,0.271546774548788,0.37763925254079,0.363796759881598,0.281951983308578,0.0803159905706803,-0.103318375471714,0.351311278796181,0.131250603118036,0.420842156355766,0.155499971627404,0.368091056476855,0.372928824537775,0.370395360102744,0.351909636006844,0.407690557493958,-0.105901339667422,0.415129935268804,0.365470775104057
"Cordyceps sp. RAO-2017",0.00849106840296268,-0.214052161334596,0.104814848928425,0.00713803219856842,0.159608451763541,0.299502726173672,-0.00589553691050321,-0.0203903748613029,0.00139926590316064,0.0880512899592749,0.0552728305623833,0.0485816427059826,1,-0.123474267658414,-0.0335800092779992,-0.0174494991836066,0.0558728548634316,-0.0480353500104353,-0.0772150742159786,0.504082928770037,0.156432259866049,0.22150867191565,0.323102185908149,-0.111258342264556,0.305337414285105,-0.0267442975089502,0.0441193546949593,0.0745072064790827,-0.0327907060993387,-0.0179875852416202,0.116188056772122,-0.0869680659218833,-0.0508520915732749
"Rhizophagus clarus",-0.008205354758437,0.43398972879966,0.0666213581407505,0.200245190524386,-0.0381868212016708,-0.0245241178286661,0.122705354277546,0.178554292805832,0.335979689709596,0.350625719934586,0.256104772783595,0.454083040978043,-0.123474267658414,1,0.409341797450442,0.299402828988265,0.336431471204059,0.235859242429246,0.483564380305635,-0.0541302324597245,-0.00408853917037247,0.137269568835925,0.130231626179346,0.441055114328738,-0.00215214956878463,0.566931466876036,0.345946581935729,0.312539885938958,0.410589294009663,0.49783129166584,-0.0763821702118519,0.705483861763583,0.384870192968918
"Pichia kudriavzevii",0.0283656070276836,0.311550916627207,0.0864429352217707,0.16468038190476,-0.0539812202268076,-0.0365134471678218,0.13386472908018,0.240321915153435,0.285185882180952,0.208792875881594,0.27688595210257,0.315193124406299,-0.0335800092779992,0.409341797450442,1,0.140986795682364,0.329322100136349,0.262494217280225,0.34960110053613,-0.0062653745006343,0.0422466992411853,0.165738471348647,0.0276849211995228,0.321942916901636,0.100728742914465,0.390852482698327,0.275242329220215,0.146627203645029,0.307666852504499,0.320408178117329,0.0297834032816674,0.410526329288181,0.300568638118599
"Paracoccidioides brasiliensis",0.00532334019512011,0.189536186601274,0.0341434228040468,0.0831095211058452,0.0729533500020999,-0.0226082462625917,0.0393292910666076,0.113384523694644,0.171819119410799,0.190670192776561,0.13083395875939,0.271546774548788,-0.0174494991836066,0.299402828988265,0.140986795682364,1,0.185443864418104,0.20915450625752,0.16030144841301,0.0996468012542932,0.0289729408788836,0.141703772785839,0.104973411511323,0.228721915538148,0.093089878292784,0.264627580022743,0.187725598204928,0.18048285990638,0.162519832765187,0.321429655724345,0.0341006544291546,0.344481722437786,0.231402981591154
"Albugo candida",-0.0966943841816205,0.301546322510818,0.0955417865996642,0.111654853300855,0.0395172875670002,-0.0662602385798698,0.126541201016797,0.236306792078884,0.272713737818619,0.332546894130463,0.232738705703084,0.37763925254079,0.0558728548634316,0.336431471204059,0.329322100136349,0.185443864418104,1,0.191945132208282,0.306733923077244,0.0753588331906154,0.027693769602338,0.231131630571488,0.0311074577608988,0.359849089848798,0.156353906617932,0.306204814236439,0.251348563913841,0.270079222058684,0.252432044426676,0.303370642069303,-0.0083239746512495,0.330085627532895,0.226079961990339
"Lipomyces starkeyi",-0.126856922288261,0.0877517266407776,0.121568017818889,-0.0521952534730783,-0.0953337819516307,-0.0192661147528843,0.0026058546290772,0.15787929432064,0.0850518096426432,0.116451713528471,0.214898786774972,0.363796759881598,-0.0480353500104353,0.235859242429246,0.262494217280225,0.20915450625752,0.191945132208282,1,0.196378438494143,0.058320015311584,-0.0634464464846354,0.162297083842143,-0.00260534167818936,0.245370121316091,0.0792000659141891,0.119698051459874,0.21870103523107,0.198889333090109,0.2244019713985,0.21551234706489,-0.128215857427865,0.300594285662991,0.393356837170473
"Naumovozyma dairenensis",-0.0529006891815772,0.305992452568874,-0.0904871042699989,0.0916463062566864,-0.119186511186978,-0.0599229868360772,0.0811208105136979,0.167346059431131,0.212351216190525,0.259286991854019,0.189964372354897,0.281951983308578,-0.0772150742159786,0.483564380305635,0.34960110053613,0.16030144841301,0.306733923077244,0.196378438494143,1,0.0303815040168863,-0.0925791074462195,0.141221086000384,-0.0402701712326242,0.30208184323772,0.0144101369354455,0.414327423604782,0.284854387669687,0.260612841661358,0.231757045941484,0.259100157799728,-0.077451031624384,0.424765461221394,0.286724350131299
"Phytopythium vexans",0.0764691153873404,-0.204992679229048,0.123897776707278,-0.034883930434883,0.131426417034843,0.380357122819999,-0.0429865026591695,0.00187438666302044,0.00829088931898396,0.103026891129701,0.269449061892975,0.0803159905706803,0.504082928770037,-0.0541302324597245,-0.0062653745006343,0.0996468012542932,0.0753588331906154,0.058320015311584,0.0303815040168863,1,0.14073980982987,0.220273229702293,0.330995089457032,0.0528629872913212,0.376325457079315,-0.0292018452125813,0.165523031975755,0.14962206740367,0.0292917398556749,0.0659535601822374,0.0830123169125999,-0.040542676391788,0.00576358029460693
"Aspergillus ochraceoroseus",0.341505837861995,-0.00134566253538159,0.267262745539579,0.358621598374202,0.368251866580192,0.0776024803740181,0.0273547090654772,-0.018207384120387,0.0692839558259519,0.0151376295321215,-0.0508378571861374,-0.103318375471714,0.156432259866049,-0.00408853917037247,0.0422466992411853,0.0289729408788836,0.027693769602338,-0.0634464464846354,-0.0925791074462195,0.14073980982987,1,-0.0242975217739637,0.0846292663487867,-0.0223253538479492,0.0998505709944867,0.0334293299546968,-0.0473450463531276,-0.0760882493531208,-0.0437310508728661,-0.0321435554659744,0.382820312983396,0.0137404795513732,-0.086010771327456
"Colletotrichum fioriniae",-0.0286310591121397,0.0483909532134289,0.135353381014898,-0.000193831316741723,0.085147218507781,0.159698474644357,-0.0947588922440864,-0.00619253547456132,0.105483284693834,0.147852002127464,0.310988081265527,0.351311278796181,0.22150867191565,0.137269568835925,0.165738471348647,0.141703772785839,0.231131630571488,0.162297083842143,0.141221086000384,0.220273229702293,-0.0242975217739637,1,0.194107861389129,0.276195904920706,0.262945101110635,0.100961237904378,0.25024507831638,0.182198039437588,0.165771428443191,0.196845037756232,-0.000132277210201183,0.179320641432261,0.200242754007669
"Coniochaeta ligniaria",0.0496603784231056,-0.0568351507290154,0.126324226841124,0.0426192298234776,0.158610121098087,0.303235982735356,-0.112522381489911,-0.0590450713915428,0.0376538652292073,0.0774188439561722,0.126935916724988,0.131250603118036,0.323102185908149,0.130231626179346,0.0276849211995228,0.104973411511323,0.0311074577608988,-0.00260534167818936,-0.0402701712326242,0.330995089457032,0.0846292663487867,0.194107861389129,1,0.00663649446798497,0.174855019240467,0.0711764881266296,0.0911354071723999,0.0467984971821364,0.0720567118501594,0.218846720299317,0.105815548631431,0.0356459189787661,0.0497693804867712
"Leucoagaricus sp. SymC.cos",-0.0231537695318073,0.211318902528752,0.109088242912004,0.0847911023538996,0.0213734452378441,0.0245100116792505,-0.0119342512375742,0.184604035576991,0.242479001874515,0.22439414889746,0.316745185555175,0.420842156355766,-0.111258342264556,0.441055114328738,0.321942916901636,0.228721915538148,0.359849089848798,0.245370121316091,0.30208184323772,0.0528629872913212,-0.0223253538479492,0.276195904920706,0.00663649446798497,1,0.0975334435964013,0.363984371668825,0.413119552501645,0.282371320659386,0.342206785250225,0.326782298410535,-0.140379974782052,0.414187516250124,0.395555857626634
"Colletotrichum salicis",-0.028266479268609,-0.0855466790116847,0.114604901649839,-0.0386561712640424,0.066803838283256,0.229367207755048,-0.021047977899511,0.0612038252030083,0.111002892722413,0.157390323886808,0.189757524909376,0.155499971627404,0.305337414285105,-0.00215214956878463,0.100728742914465,0.093089878292784,0.156353906617932,0.0792000659141891,0.0144101369354455,0.376325457079315,0.0998505709944867,0.262945101110635,0.174855019240467,0.0975334435964013,1,0.0380953877059137,0.0354668991189107,0.0336256619070168,0.0399872788179816,0.0736657770281286,0.0506004891627904,0.0637878153004914,0.121228183958295
"[Candida] arabinofermentans",-0.0536545987489769,0.401315270195277,0.0176873166060257,0.22831758200081,-0.0571570274111337,-0.0896806784544918,0.056886958768687,0.119044167315603,0.340397222755656,0.236131362875244,0.0954856154144307,0.368091056476855,-0.0267442975089502,0.566931466876036,0.390852482698327,0.264627580022743,0.306204814236439,0.119698051459874,0.414327423604782,-0.0292018452125813,0.0334293299546968,0.100961237904378,0.0711764881266296,0.363984371668825,0.0380953877059137,1,0.352973752623664,0.245903846714886,0.302449500786578,0.377983775298779,0.0174058983581404,0.524194963655827,0.237960802216717
"Baudoinia panamericana",-0.0323112252569323,0.149570002888555,0.0620081983019466,0.0823580480551627,0.0366018029582519,0.0435229210501259,0.00918739923320254,0.127360383584674,0.082553354105707,0.1118227164789,0.312354582430727,0.372928824537775,0.0441193546949593,0.345946581935729,0.275242329220215,0.187725598204928,0.251348563913841,0.21870103523107,0.284854387669687,0.165523031975755,-0.0473450463531276,0.25024507831638,0.0911354071723999,0.413119552501645,0.0354668991189107,0.352973752623664,1,0.363963853633311,0.281469040047679,0.335092744248546,-0.0282668639817749,0.279406721003127,0.20532725144564
"Hyaloscypha variabilis",-0.0322292813526002,0.14596690761466,0.0633938069321404,0.0658384647123452,0.0457107848244762,0.0805436125271583,-0.000881698457332264,0.097198999617531,0.11773178246907,0.223715771348295,0.248080297331982,0.370395360102744,0.0745072064790827,0.312539885938958,0.146627203645029,0.18048285990638,0.270079222058684,0.198889333090109,0.260612841661358,0.14962206740367,-0.0760882493531208,0.182198039437588,0.0467984971821364,0.282371320659386,0.0336256619070168,0.245903846714886,0.363963853633311,1,0.269210796205574,0.309006561892384,-0.0493245238292938,0.298882696787998,0.284715249741361
"Schizosaccharomyces pombe",-0.0429712423702563,0.247363320228507,0.101458226448525,0.0368959802924269,0.0124878534832732,-0.0189365438074485,-0.043589091714657,0.172572516027311,0.205166056629137,0.199897025109267,0.241733812472208,0.351909636006844,-0.0327907060993387,0.410589294009663,0.307666852504499,0.162519832765187,0.252432044426676,0.2244019713985,0.231757045941484,0.0292917398556749,-0.0437310508728661,0.165771428443191,0.0720567118501594,0.342206785250225,0.0399872788179816,0.302449500786578,0.281469040047679,0.269210796205574,1,0.321901698794011,-0.0779324360326198,0.385310304830683,0.251172493521591
"Tuber magnatum",-0.0571754313572466,0.337293303627919,0.0891385592003711,0.194834270211444,0.11761784702387,0.107594401641007,0.0471360844963507,0.123056857818569,0.262022887933468,0.199110421306134,0.232393368968246,0.407690557493958,-0.0179875852416202,0.49783129166584,0.320408178117329,0.321429655724345,0.303370642069303,0.21551234706489,0.259100157799728,0.0659535601822374,-0.0321435554659744,0.196845037756232,0.218846720299317,0.326782298410535,0.0736657770281286,0.377983775298779,0.335092744248546,0.309006561892384,0.321901698794011,1,0.0463743524034908,0.381052888796829,0.254349462999713
"Thielaviopsis punctulata",0.318568725961438,0.116850661081486,0.182205290710276,0.347021214045749,0.329919816158402,0.158114867015879,0.0750079747833344,0.0758109993982445,-0.0413789145766857,-0.0906243798503915,-0.0488296544602522,-0.105901339667422,0.116188056772122,-0.0763821702118519,0.0297834032816674,0.0341006544291546,-0.0083239746512495,-0.128215857427865,-0.077451031624384,0.0830123169125999,0.382820312983396,-0.000132277210201183,0.105815548631431,-0.140379974782052,0.0506004891627904,0.0174058983581404,-0.0282668639817749,-0.0493245238292938,-0.0779324360326198,0.0463743524034908,1,-0.10841762024771,-0.108269249203403
"Edhazardia aedis",-0.0348532816193347,0.423831249416919,0.0687745977992034,0.20858448958341,-0.115980824613435,-0.100480731160196,0.102843895900464,0.224335159545359,0.387505221679741,0.25961489570907,0.179553649373062,0.415129935268804,-0.0869680659218833,0.705483861763583,0.410526329288181,0.344481722437786,0.330085627532895,0.300594285662991,0.424765461221394,-0.040542676391788,0.0137404795513732,0.179320641432261,0.0356459189787661,0.414187516250124,0.0637878153004914,0.524194963655827,0.279406721003127,0.298882696787998,0.385310304830683,0.381052888796829,-0.10841762024771,1,0.453652033994538
"Choanephora cucurbitarum",-0.0363216035357705,0.265786977266978,0.0679770232619068,0.0601049561635377,-0.0982415722970614,-0.0163026692361232,0.0546993514697806,0.140555403985693,0.202393044129485,0.231826935499952,0.220472895835384,0.365470775104057,-0.0508520915732749,0.384870192968918,0.300568638118599,0.231402981591154,0.226079961990339,0.393356837170473,0.286724350131299,0.00576358029460693,-0.086010771327456,0.200242754007669,0.0497693804867712,0.395555857626634,0.121228183958295,0.237960802216717,0.20532725144564,0.284715249741361,0.251172493521591,0.254349462999713,-0.108269249203403,0.453652033994538,1
